noise_1_channel	noise_2_channel	noise_3_channel	noise_4_channel	amp_channel	trig_channel
31684	-18	1	-19	9	6715
32767	1	1	-19	9	1436
-5434	-18	-18	-19	9	1756
-32767	-18	1	-19	28	5131
-32767	1	1	0	47	10052
-3207	-18	-18	-19	47	9222
32767	-18	-18	0	65	5207
26664	1	-18	0	9	946
-18643	1	1	-19	47	2397
-32767	-18	1	-19	28	6753
-32767	-18	-18	-19	9	10203
12096	1	-18	0	28	8449
32767	-18	-18	-19	65	3529
14059	20	-18	0	28	1097
-30984	1	-18	-19	28	3208
-32767	1	1	-19	28	8412
-25946	1	-18	-19	47	9977
25985	-18	1	-19	47	7299
32767	1	-18	-19	47	2020
831	1	-18	-19	47	1474
-32767	1	-18	-19	47	4434
-32767	1	-18	-19	28	9675
-11114	-18	1	-19	47	9505
32767	-18	-18	-19	47	6017
32363	-18	1	-19	28	1115
-12076	-18	-18	-19	47	2039
-32767	1	1	-19	28	5904
-32767	-18	-18	-19	28	10203
4284	1	1	-19	28	8883
32767	1	-18	-19	9	4396
20645	1	-18	-19	84	983
-24851	-18	-18	-19	47	2812
-32767	20	-18	-19	47	7563
-32494	1	1	-19	47	10127
19097	-18	-18	-19	47	7922
32767	-18	-18	-19	47	2699
7492	1	-18	-19	28	1266
-32767	1	-18	-19	47	3793
-32767	1	1	-19	9	9109
-18681	1	1	-19	9	9731
31797	1	-18	-19	47	6696
32767	-18	-18	-19	47	1474
-5717	1	1	-19	28	1738
-32767	-18	1	-19	47	5093
-32767	1	-18	-19	28	10052
-3396	-18	1	0	28	9260
32767	1	-18	-19	-10	5169
26872	1	-18	0	47	927
-18511	-18	1	-19	65	2379
-32767	-18	-18	-19	9	6734
-32767	1	1	0	28	10222
11945	-18	-18	-19	47	8449
32767	-18	-18	-19	47	3510
14116	20	-18	-19	47	1097
-30758	-18	-18	-19	47	3265
-32767	1	1	-19	28	8317
-26172	1	-18	-19	47	9977
25834	1	-18	-19	28	7412
32767	1	1	-19	84	2039
1189	-18	-18	-19	47	1492
-32767	1	-18	-19	47	4358
-32767	1	-18	0	28	9656
-11227	1	-18	-19	28	9524
32767	-18	-18	-19	28	5942
32514	-18	-18	-19	47	1115
-12189	1	1	0	28	2058
-32767	-18	-18	-19	28	5942
-32767	-18	1	-19	47	10222
4530	1	-18	0	65	8883
32767	-18	-18	-19	47	4339
20305	1	1	-19	28	1002
-24889	1	-18	-19	28	2812
-32767	1	-18	-19	65	7544
-32343	-18	1	-19	65	10127
19286	-18	-18	-19	47	7959
32767	-18	1	-19	47	2699
7379	-18	-18	-19	28	1285
-32767	-18	1	-19	28	3811
-32767	-18	-18	0	47	9109
-18511	-18	-18	-19	28	9750
32004	-18	-18	-19	9	6639
32767	-18	-18	-19	28	1417
-5717	1	-18	-19	47	1813
-32767	-18	-18	-19	65	5169
-32767	-18	-18	-19	47	10090
-3000	-18	-18	-19	28	9204
32767	-18	-18	0	28	5093
26381	1	-18	-19	28	965
-19058	1	-18	-19	65	2416
-32767	-18	-18	-38	28	6753
-32767	1	-18	-19	65	10222
12530	1	-18	0	65	8449
32767	1	-18	-19	47	3378
13776	-18	-18	-19	47	1059
-31380	-18	-37	0	28	3284
-32767	-18	1	-19	47	8431
-25455	-18	-18	-19	47	9977
26513	-18	-18	-19	28	7337
32767	1	-18	-19	47	1945
303	1	-18	-19	28	1492
-32767	1	-18	-19	47	4528
-32767	1	-37	-19	9	9713
-10529	-18	-18	-19	47	9505
32767	-18	1	-19	47	5961
31967	-18	-18	-19	47	1078
-12680	-18	1	0	28	2096
-32767	-18	-18	0	47	5980
-32767	-18	-18	-19	47	10203
5133	-18	1	-38	9	8845
32767	-18	-18	-19	28	4207
19909	-18	-18	-19	47	965
-25568	1	-18	-19	47	2869
-32767	-18	-18	-19	9	7658
-31946	-18	-18	-19	9	10090
19701	-18	-18	-19	28	7922
32767	1	-18	-19	9	2586
6983	1	1	-19	47	1323
-32767	-18	-18	-19	28	3887
-32767	-18	-18	-19	9	9109
-18171	-18	1	0	28	9731
32155	-18	1	-19	9	6696
32767	1	-18	-19	9	1436
-6226	-18	1	-19	9	1775
-32767	1	-18	-19	84	5188
-32767	1	1	-19	28	9995
-3056	-18	-18	-19	47	9204
32767	-18	1	0	9	5169
26457	1	-18	-19	28	983
-19039	1	1	-19	28	2435
-32767	-18	-18	-19	65	6771
-32767	-18	1	-19	47	10240
12191	-18	-18	-19	47	8449
32767	1	-18	-19	28	3510
13927	1	1	-19	28	1078
-31022	1	1	-19	47	3302
-32767	1	-18	-19	47	8374
-25833	-18	1	-19	103	9958
25985	-18	-18	-19	28	7450
32767	-18	-18	-19	65	1926
793	-18	1	-19	65	1511
-32767	-18	-18	-19	28	4452
-32767	1	1	0	28	9675
-11001	1	-18	-19	28	9486
32767	-18	1	-19	47	5980
32306	-18	-18	-38	65	1097
-12303	-18	1	-19	65	2096
-32767	-18	-18	-19	28	5942
-32767	1	-18	0	47	10184
4624	-18	1	-19	28	8883
32767	1	-18	0	28	4377
20305	1	1	-19	28	965
-25002	-18	-18	-19	28	2812
-32767	1	1	-19	28	7582
-32343	-18	-18	-19	47	10127
19456	-18	1	-19	47	7978
32767	-18	-18	-19	47	2624
7115	1	-18	-19	28	1304
-32767	-18	-18	-19	47	3906
-32767	-18	-18	-19	9	9090
-18511	1	-18	-19	47	9750
32061	-18	-18	-19	47	6715
32767	-18	-18	0	28	1379
-5811	-18	-18	0	84	1738
-32767	-18	-18	-19	9	5207
-32767	1	1	-19	28	10071
-3075	-18	-18	-19	47	9147
32767	-18	-18	-19	47	5169
26532	-18	1	-19	84	965
-18869	-18	-18	-19	47	2435
-32767	-18	-18	-19	65	6790
-32767	-18	-18	-19	28	10222
12247	-18	1	-19	28	8468
32767	-18	-18	-19	9	3453
13851	1	1	0	28	1059
-31305	1	1	-19	47	3302
-32767	1	-18	-19	47	8431
-25587	-18	1	-19	47	9920
26343	1	-18	-19	47	7356
32767	1	1	0	28	1964
548	1	1	-19	47	1511
-32767	-18	-18	0	47	4528
-32767	1	-18	-19	28	9675
-10699	-18	1	-19	28	9449
32767	1	-18	0	47	6036
32174	-18	1	-19	47	1059
-12605	-18	-18	-19	65	2058
-32767	-18	1	-19	28	6017
-32767	-18	-18	-19	28	10240
5001	-18	1	-19	28	8845
32767	-18	-18	-19	47	4320
20097	-18	1	-19	28	965
-25380	-18	-18	-19	28	2831
-32767	-18	1	-19	65	7676
-31984	1	1	-19	28	10090
19739	-18	-18	-19	47	7903
32767	-18	1	-19	47	2643
7077	1	1	-19	28	1285
-32767	-18	1	-19	47	3830
-32767	1	-18	-19	47	9147
-18134	-18	1	-19	9	9731
32287	1	-18	-19	65	6734
32767	1	1	-19	65	1417
-6189	1	-18	-19	65	1794
-32767	1	-18	-19	28	5282
-32767	-18	-18	-19	28	10071
-2849	-18	1	-19	65	9166
32767	1	-18	-19	47	5207
26419	20	1	-19	28	927
-18964	1	-18	-19	9	2416
-32767	1	-18	-19	9	6866
-32767	1	1	-19	47	10222
12530	1	-18	-19	9	8412
32767	1	-18	-19	65	3529
13700	1	-18	-19	28	1059
-31248	1	1	-19	28	3302
-32767	-18	-18	-19	28	8431
-25644	-18	-18	-38	9	9958
26192	1	-18	-19	28	7431
32767	-18	-18	-19	47	1983
491	1	-18	-19	9	1492
-32767	1	-18	-19	47	4509
-32767	1	-18	-19	28	9694
-10680	-18	-18	-19	47	9449
32767	1	-18	-19	47	5961
32099	1	-18	-19	47	1059
-12472	1	-18	-19	28	2077
-32767	1	-18	-19	9	6036
-32767	-18	-18	-19	28	10203
5001	1	-18	-19	47	8808
32767	1	-18	-19	47	4396
20060	-18	-18	-19	47	946
-25304	1	-18	-19	47	2831
-32767	-18	1	-19	28	7676
-32097	1	-18	-19	28	10146
19626	-18	-18	-19	9	7959
32767	1	1	-19	9	2699
6945	1	-37	-19	9	1304
-32767	1	-18	-19	28	3830
-32767	-18	1	-19	28	9185
-18228	1	1	-19	28	9731
32174	-18	1	-19	28	6734
32767	-18	-18	-19	65	1455
-6057	-18	-18	-19	9	1775
-32767	-18	-18	-19	28	5244
-32767	-18	-18	-19	9	10052
-2698	-18	1	-19	47	9147
32767	1	-18	-19	28	5188
26136	1	-18	-19	28	946
-19266	-18	1	-19	65	2397
-32767	-18	-18	-19	28	6866
-32767	-18	-18	-19	9	10222
12700	-18	-18	-19	28	8393
32767	1	-18	-19	28	3434
13625	1	1	-19	28	1097
-31475	1	-18	-19	9	3302
-32767	-18	-18	-19	28	8506
-25248	1	-18	-19	28	9920
26608	1	-18	-19	28	7318
32767	1	1	-19	28	2020
208	1	1	0	-10	1511
-32767	1	1	-19	28	4509
-32767	-18	1	0	28	9713
-10265	-18	1	-19	65	9486
32767	1	1	0	9	5961
31778	-18	1	-19	47	1078
-12906	-18	-18	-19	9	2077
-32767	1	1	-19	9	6074
-32767	1	-18	-19	65	10222
5265	-18	-18	-19	28	8770
32767	-18	-18	-19	28	4245
19418	1	-18	-19	28	983
-25776	-18	-18	-19	47	2850
-32767	-18	-18	-19	47	7714
-31663	-18	1	-19	47	10071
20097	-18	-18	-19	28	7865
32767	-18	1	-19	47	2643
6662	1	-18	-19	28	1285
-32767	1	-18	-19	28	3868
-32767	1	1	-19	9	9185
-17643	-18	1	-19	28	9713
32646	-18	1	-19	9	6602
32767	1	1	-19	28	1417
-6717	1	1	-19	65	1794
-32767	1	1	-19	-10	5225
-32767	1	1	-19	47	10052
-2169	-18	1	-19	28	9109
32767	-18	1	-19	9	5075
25872	1	1	-19	65	946
-19568	1	1	-19	65	2435
-32767	1	1	-19	65	6885
-32767	1	1	-19	47	10203
13097	1	-18	-19	28	8393
32767	-18	1	-19	28	3472
12983	1	1	-19	9	1115
-31607	1	-18	-19	47	3321
-32767	1	1	-19	65	8506
-25229	1	-18	-19	28	9920
26721	1	1	-19	28	7299
32767	1	1	-19	47	1907
114	-18	1	0	47	1530
-32767	1	1	0	28	4490
-32767	1	-18	-19	28	9694
-10284	1	-18	-19	28	9467
32767	-18	-18	-19	28	5904
31816	-18	-18	-19	28	1078
-12869	1	1	-19	65	2115
-32767	1	1	-19	47	6017
-32767	-18	-18	-19	65	10222
5228	-18	1	-19	28	8826
32767	-18	1	-19	84	4339
19720	1	-18	-38	47	983
-25531	1	1	-19	28	2831
-32767	-18	1	-19	9	7733
-31758	-18	1	-38	28	10109
20041	1	1	-19	28	7846
32767	20	1	-19	28	2680
6473	1	1	-19	28	1285
-32767	1	-18	-19	47	3906
-32767	1	-18	-19	65	9222
-17699	1	1	0	47	9750
32608	-18	-18	-19	28	6639
32767	1	-18	-19	28	1417
-6510	-18	-18	-19	28	1794
-32767	1	1	-19	28	5225
-32767	-18	-18	-19	28	10109
-2169	-18	1	-19	47	9147
32767	1	1	-19	9	5075
25683	20	1	0	28	965
-19700	1	1	-19	28	2435
-32767	-18	-18	-19	28	6885
-32767	-18	-18	-19	47	10222
13191	-18	-18	-19	28	8374
32767	-18	-18	-19	28	3378
13097	1	-18	-19	47	1115
-32022	1	-18	-19	47	3359
-32767	-18	1	-19	28	8525
-24870	-18	1	-19	28	9958
26985	-18	-18	-19	47	7262
32767	1	1	-19	28	1926
-18	1	-18	-19	-10	1511
-32767	-18	1	-19	9	4509
-32767	-18	1	0	47	9750
-10133	20	-18	0	28	9505
32767	-18	1	-19	47	5848
31570	-18	1	-19	9	1097
-13114	1	-18	-19	47	2077
-32767	1	-18	-19	47	6036
-32767	1	1	-38	28	10278
5624	-18	1	-19	28	8808
32767	1	1	-19	65	4226
19512	1	1	-19	28	1040
-25889	1	1	-19	65	2869
-32767	1	1	-19	28	7714
-31795	-18	-18	-19	65	10146
19965	1	-18	-19	47	7922
32767	-18	1	-19	28	2624
6756	1	-18	-19	28	1304
-32767	-18	-18	-19	9	3868
-32767	1	-18	-19	28	9222
-17850	-18	-18	-19	47	9750
32344	-18	-18	-19	47	6602
32767	1	1	-19	47	1417
-6491	1	-18	-19	47	1775
-32767	1	-18	0	28	5225
-32767	1	-18	-19	47	10052
-2490	1	-18	-19	47	9185
32767	-18	-37	-19	65	5093
25966	-18	-18	-19	28	983
-19436	-18	-18	-19	47	2435
-32767	1	1	-19	47	6847
-32767	-18	-18	-19	28	10259
12889	-18	1	-19	47	8412
32767	-18	1	-19	28	3453
13229	-18	-18	-19	65	1115
-31663	1	-18	-19	28	3340
-32767	-18	1	-19	28	8487
-25191	1	1	-19	47	9977
26683	1	1	-19	47	7299
32767	1	-18	-19	28	1888
-18	1	1	0	9	1568
-32767	-18	1	0	28	4528
-32767	-18	-18	-19	47	9731
-10302	1	-18	-19	9	9449
32767	1	-18	0	65	5904
31759	-18	-18	-19	84	1115
-13039	-18	1	-19	-10	2077
-32767	-18	-18	-19	28	5998
-32767	-18	-18	-19	65	10222
5209	1	-18	-19	65	8826
32767	1	-18	-19	47	4226
19644	-18	-18	-19	28	927
-25493	1	-18	-19	28	2850
-32767	1	-18	-19	47	7639
-31739	-18	-18	-19	9	10090
19909	1	-18	-19	47	7922
32767	-18	1	-19	47	2643
6794	1	-18	-19	47	1285
-32767	1	-18	-19	47	3887
-32767	-18	-18	-19	28	9128
-18039	-18	-18	0	47	9713
32344	1	-18	-19	47	6677
32767	1	-18	-19	28	1398
-6302	1	1	-19	28	1794
-32767	1	-18	-19	47	5225
-32767	-18	-18	-19	47	10090
-2547	1	-18	-19	65	9147
32767	1	-18	-19	28	5037
26004	20	1	-19	28	946
-19247	1	1	-19	47	2435
-32767	1	-18	-19	28	6809
-32767	-18	1	-19	28	10222
12776	-18	1	-19	47	8412
32767	-18	1	-38	47	3378
13361	1	-18	-19	28	1097
-31701	1	-18	-19	9	3340
-32767	1	-18	-19	47	8449
-25021	1	-18	-19	47	9958
26815	1	-18	-38	65	7318
32767	1	-18	-19	47	1926
20	1	1	-19	47	1530
-32767	1	1	-19	47	4528
-32767	1	1	-19	65	9731
-9925	-18	1	-19	47	9467
32767	1	1	-19	47	5848
31552	-18	1	-19	47	1059
-13208	1	-18	-19	65	2115
-32767	1	1	-19	47	6036
-32767	-18	1	-19	47	10222
5737	1	1	-19	9	8789
32767	-18	1	-19	65	4170
19210	-18	1	0	47	1021
-25965	1	-18	0	47	2888
-32767	1	-18	0	47	7714
-31418	1	1	-19	65	10127
20380	1	1	-19	9	7884
32767	1	1	-19	28	2492
6190	-18	1	-19	65	1304
-32767	1	-18	-19	47	3906
-32767	1	-18	-19	47	9185
-17247	1	-18	-19	65	9713
32767	1	-18	-19	47	6583
32767	1	-18	-19	65	1379
-7208	1	-18	-19	65	1813
-32767	1	-18	-19	47	5339
-32767	1	1	-19	28	10090
-1622	-18	-18	-19	28	9128
32767	-18	-18	-19	28	5018
25381	-18	-18	-19	28	946
-20115	1	-18	-19	28	2492
-32767	1	1	-19	28	6922
-32767	1	1	0	47	10203
13908	1	1	-19	47	8355
32767	1	1	-19	28	3246
12229	1	-18	-19	65	1153
-32475	1	-18	-19	28	3416
-32767	-18	1	-19	28	8563
-24247	1	1	-19	28	9901
27438	-18	-18	-19	28	7262
32767	1	-37	-19	9	1813
-716	-18	-18	-19	47	1568
-32767	1	-18	-19	28	4603
-32767	1	-18	-19	28	9769
-9227	1	-18	-19	65	9430
32767	1	-18	-19	9	5866
31061	1	-18	-19	47	1040
-13888	1	1	-19	9	2115
-32767	-18	1	0	47	6130
-32767	1	-18	-19	47	10222
6473	1	-18	-19	28	8808
32767	1	-18	-19	47	4113
18663	-18	-18	-19	47	946
-26380	1	-18	-19	47	2963
-32767	-18	-18	-19	47	7771
-30776	1	-18	-19	65	10071
21041	1	1	-19	47	7827
32767	1	-18	-19	65	2511
5699	1	1	-19	47	1304
-32767	1	-18	-19	65	4000
-32767	1	1	-19	65	9260
-16718	1	1	-19	47	9713
32767	1	1	-19	47	6602
32767	1	1	-19	47	1285
-7321	1	-18	-19	47	1794
-32767	1	1	-19	47	5376
-32767	1	1	-19	28	10090
-1245	1	-18	-19	28	9147
32767	1	1	-19	47	5018
25022	1	1	-19	47	927
-20190	-18	1	-19	47	2492
-32767	20	1	-19	65	6941
-32767	1	-18	-19	47	10184
13776	1	1	-19	65	8317
32767	1	1	-19	47	3321
12663	20	1	0	47	1115
-32211	1	-18	-19	47	3378
-32767	1	-18	-19	47	8544
-24380	-18	-18	-19	28	9920
27400	1	-18	-19	47	7262
32767	-18	1	-19	28	1794
-660	1	-18	-19	28	1511
-32767	1	-18	-19	47	4641
-32767	1	-18	-19	28	9769
-9302	-18	-18	-19	9	9430
32767	-18	-37	-19	65	5848
31174	1	-18	-19	28	1040
-13642	-18	-18	0	28	2115
-32767	-18	-18	-19	28	6112
-32767	-18	-18	-19	28	10240
6077	1	1	-19	28	8751
32767	1	1	0	47	4245
19022	1	1	0	28	965
-26229	-18	1	-19	47	2888
